[22,27,16,2,18,6] -> Insertion Sort

Sıralı dizi için, 

1) [22 / 27,16,2,18,6] -> [22,27 / 16,2,18,6]
2) [22,27 / 16,2,18,6] -> [16, 22, 27 / 2,18,6]
3) [16, 22, 27 / 2,18,6] -> [2, 16, 22, 27 / 18,6]
4) [2, 16, 22, 27 / 18,6] -> [2, 16, 18, 22, 27 / 6]
5) [2, 16, 18, 22, 27 / 6] -> [2, 6, 16, 18, 22, 27]

0(n^2) Big-0 gösterimi

18 sayısı Average Case kapsamına girer

[7,3,5,8,2,9,4,15,6] dizisinin Selection Sort'a göre ilk 4 adımını yazınız.

[2,3,5,8,7,9,4,15,6] 0-4
[2,3,4,8,7,9,5,15,6] 2-6
[2,3,4,5,7,9,8,15,6] 3-6
[2,3,4,5,6,9,8,15,7] 4-8

